0.0234375 2.3760052
0.0 31.817293
0.0 2.667141
0.01953125 2.3227615
0.0 2.3317842
0.0 2.334142
0.0 2.3272066
0.0 2.3182492
0.0 2.3090777
0.00390625 2.3061345
0.0 2.3096373
0.00390625 2.3105755
0.0 2.309324
0.0078125 2.3059459
0.01953125 2.3052883
0.01171875 2.307498
0.0390625 2.3066206
0.04296875 2.3048096
0.01171875 2.3047376
0.015625 2.3054101
0.0234375 2.3051422
0.03125 2.3047419
0.03515625 2.3040981
0.02734375 2.3052971
0.03125 2.3044739
0.0078125 2.3041146
0.01171875 2.3042362
0.0078125 2.304142
0.04296875 2.3038738
0.02734375 2.3040032
0.0234375 2.3041644
0.02734375 2.3037686
0.0234375 2.3039558
0.00390625 2.3039417
0.02734375 2.3036914
0.0390625 2.3039148
0.03515625 2.3038306
0.03515625 2.3036425
0.02734375 2.303729
0.01953125 2.3038483
0.02734375 2.3038976
0.01171875 2.3037393
0.0234375 2.303586
0.0234375 2.3036454
0.046875 2.3037157
0.0390625 2.3036163
0.02734375 2.3039076
0.0234375 2.3038583
0.02734375 2.3037014
0.046875 2.30382
0.0234375 2.3037188
0.0390625 2.3034647
0.03515625 2.3034086
0.0234375 2.303434
0.0390625 2.3034766
0.04296875 2.3033895
0.02734375 2.3032851
0.0390625 2.3033795
0.04296875 2.303334
0.05859375 2.303435
0.078125 2.3034298
0.05078125 2.3033097
0.05859375 2.3032422
0.0625 2.3033402
0.0625 2.3032973
0.04296875 2.3036048
0.05859375 2.3036768
0.05078125 2.3034601
0.0390625 2.3034275
0.046875 2.3034883
0.03515625 2.3036199
0.06640625 2.303193
0.05859375 2.3034897
0.03515625 2.3031666
0.078125 2.3034425
0.02734375 2.3034058
0.01953125 2.3034906
0.06640625 2.3032959
0.03125 2.303374
0.03515625 2.303303
0.046875 2.3034754
0.08203125 2.3033438
0.04296875 2.3033888
0.0546875 2.303393
0.0546875 2.3034067
0.03515625 2.3031206
0.046875 2.3033187
0.0703125 2.303075
0.07421875 2.3031864
0.046875 2.3033276
0.0703125 2.3033502
0.05859375 2.30319
0.09765625 2.3031006
0.05078125 2.3033757
0.05859375 2.303299
0.05078125 2.303286
0.078125 2.3031878
0.046875 2.30336
0.0625 2.3031983
0.05859375 2.3033414
0.06640625 2.3032186
0.06640625 2.3032494
0.06640625 2.3032928
0.03515625 2.3031764
0.07421875 2.3032684
0.05859375 2.3030157
0.078125 2.3030958
0.0625 2.3031025
0.06640625 2.302973
0.05859375 2.3034031
0.09765625 2.3031328
0.0859375 2.3031693
0.09765625 2.302952
0.0703125 2.3030317
0.09375 2.3029108
0.1015625 2.3030958
0.09375 2.3027387
0.12890625 2.3025987
0.13671875 2.302684
0.0703125 2.3026943
0.08984375 2.30306
0.125 2.3023849
0.1015625 2.3025086
0.0625 2.302579
0.078125 2.302275
0.09765625 2.3024962
0.10546875 2.3019147
0.06640625 2.3022623
0.10546875 2.3017416
0.09375 2.3018627
0.16015625 2.3033612
0.1328125 2.3016772
0.171875 2.301617
0.15234375 2.3013172
0.1171875 2.301939
0.1015625 2.3004377
0.109375 2.301868
0.109375 2.2991416
0.08203125 2.2985363
0.1328125 2.2973404
0.16796875 2.2934124
0.12109375 2.2949762
0.10546875 2.2925098
0.09765625 2.277911
0.09375 2.2547355
0.13671875 2.2823226
0.0703125 2.2810507
0.1015625 2.2627268
0.140625 2.2782774
0.14453125 2.2660332
0.11328125 2.2601573
0.10546875 2.2485528
0.12109375 2.2278128
0.1328125 2.3264728
0.19921875 2.263383
0.15234375 2.25121
0.140625 2.256957
0.140625 2.2528055
0.19140625 2.2099335
0.1796875 2.2219694
0.28125 2.3893495
0.2578125 2.2303755
0.28125 2.2412834
0.30078125 2.240808
0.15625 2.2269726
0.17578125 2.2200785
0.1875 2.2339778
0.2109375 2.222351
0.25 2.1904395
0.28125 2.2189808
0.26953125 2.1959786
0.2265625 2.1817343
0.24609375 2.192951
0.25390625 2.298532
0.23828125 2.1662621
0.2890625 2.204835
0.23828125 2.1630533
0.23828125 2.1469688
0.3125 2.139637
0.3125 2.1248786
0.23828125 2.1767898
0.2734375 2.1247954
0.2109375 2.217805
0.16796875 2.1451356
0.2265625 2.1363912
0.34375 2.1061313
0.34375 2.0328085
0.34765625 1.9273164
0.359375 2.035747
0.2890625 1.9864548
0.35546875 2.19863
0.34765625 1.9404181
0.2890625 2.0270102
0.3203125 2.1088667
0.26953125 2.272228
0.33203125 2.085065
0.3671875 2.0436332
0.37109375 2.0660784
0.3359375 2.3498888
0.3125 2.045093
0.32421875 2.1488693
0.296875 2.0151563
0.3515625 2.0042512
0.36328125 2.001507
0.34765625 1.977334
0.42578125 1.8948828
0.42578125 1.9547898
0.484375 1.902534
0.42578125 1.7832206
0.42578125 1.8902315
0.46484375 1.8102157
0.4921875 1.7754267
0.4375 1.8426733
0.328125 1.9264251
0.3828125 1.8007313
0.41015625 1.7538552
0.34765625 1.7043793
0.375 1.9072483
0.45703125 1.6626782
0.47265625 1.8150641
0.3125 1.7925501
0.359375 1.7543906
0.38671875 1.8604015
0.4296875 1.6077878
0.42578125 2.272484
0.46875 1.7550373
0.4765625 1.7171465
0.4375 1.7404418
0.40234375 2.0536366
0.4765625 1.6797799
0.45703125 1.6134593
0.46484375 1.7808145
0.4765625 1.5866277
0.50390625 1.4490372
0.48828125 1.9777796
0.48828125 1.5538578
0.55078125 1.9151264
0.5234375 1.6585246
0.546875 1.8092719
0.515625 1.5978053
0.484375 1.5940415
0.46484375 1.6935476
0.46484375 1.7956463
0.5078125 1.7706033
0.5546875 1.578171
0.58203125 1.6028211
0.51171875 1.7909799
0.515625 1.5736668
0.515625 1.5773084
0.53515625 1.5689635
0.58984375 1.5548549
0.578125 1.6991069
0.625 1.428781
0.57421875 1.55426
0.6328125 1.3840457
0.63671875 1.4688237
0.546875 1.4558414
0.5546875 1.305775
0.609375 1.4332762
0.55859375 1.4177203
0.546875 1.4447267
0.546875 1.440622
0.5703125 1.4191917
0.5390625 1.8260336
0.5625 1.5852387
0.5390625 1.4609809
0.4765625 1.8795216
0.51953125 1.4230702
0.38671875 1.7209433
0.44921875 1.5302975
0.44921875 1.4406077
0.51953125 1.5746207
0.55859375 1.4033098
0.6015625 1.3181425
0.625 1.5355847
0.5390625 1.7592862
0.59375 1.6348333
0.61328125 1.4973919
0.60546875 1.4735243
0.62109375 1.4607673
0.57421875 1.6363661
0.6171875 1.4037197
0.58984375 1.7201054
0.56640625 1.2752378
0.6328125 1.3666757
0.6640625 1.2089585
0.703125 1.3209058
0.6796875 1.4035091
0.71484375 1.1474341
0.71875 1.3574641
0.68359375 1.1418381
0.6953125 1.1904097
0.70703125 1.1173209
0.6796875 1.4328263
0.6640625 1.2653545
0.75390625 1.1330714
0.671875 1.3971479
0.71875 1.0250047
0.75390625 1.2245216
0.73828125 1.2222561
0.68359375 1.7426599
0.6875 1.1245776
0.61328125 1.3158269
0.734375 1.2250478
0.71875 1.1810815
0.765625 1.1277928
0.75 1.1928035
0.85546875 0.8982796
0.78515625 0.9349539
0.8046875 1.1213598
0.859375 1.3943268
0.8984375 0.84508634
0.85546875 1.4433966
0.83203125 1.0962381
0.85546875 1.1023617
0.79296875 1.2771952
0.78515625 1.2200627
0.7890625 1.118876
0.8125 1.1694849
0.83203125 0.9884522
0.8515625 1.2022489
0.8046875 1.0247812
0.77734375 1.5890082
0.76171875 1.0868738
0.765625 1.0830836
0.72265625 1.4209015
0.6875 1.487645
0.67578125 1.1557477
0.7109375 1.3807203
0.65625 1.3619134
0.609375 1.3385806
0.58984375 1.3182483
0.63671875 1.4322144
0.703125 1.293096
0.73046875 1.1939036
0.74609375 1.2152241
0.7734375 1.2451442
0.76953125 1.1244926
0.7890625 0.9688506
0.8359375 0.96235013
0.79296875 0.9820601
0.859375 1.1825736
0.8125 0.88423884
0.85546875 1.5312543
0.83203125 1.1510972
0.70703125 1.2828748
0.71484375 1.220084
0.72265625 1.0212265
0.6875 1.4223973
0.66015625 1.4041718
0.70703125 1.1306717
0.6796875 1.1620837
0.6875 1.0206523
0.765625 0.92438126
0.796875 2.3359392
0.8046875 0.90873265
0.80078125 1.1014279
0.80859375 0.9503383
0.83984375 1.0564737
0.8046875 1.5199
0.8671875 0.94659865
0.83203125 1.2048019
0.875 0.9861529
0.8125 1.0396937
0.83984375 0.9011905
0.8515625 1.1762033
0.84765625 1.1166991
0.8515625 0.93745244
0.8828125 0.871916
0.85546875 0.76872283
0.86328125 0.8163706
0.88671875 1.2663972
0.859375 0.84588826
0.84765625 1.2282792
0.84765625 0.95011497
0.90234375 0.97335
0.86328125 0.85504746
0.828125 0.95540786
0.8359375 1.3929491
0.8125 0.98709303
0.7578125 1.2566072
0.8125 0.9074042
0.84375 0.9561547
0.82421875 0.9644108
0.87109375 1.0365973
0.8828125 1.0784054
0.859375 1.1593642
0.77734375 1.0560396
0.796875 0.97865236
0.8046875 1.1174256
0.828125 0.77716404
0.81640625 0.80740094
0.85546875 0.72705454
0.8671875 1.2579522
0.90625 0.60939264
0.828125 1.3764958
0.8515625 0.8071251
0.84375 0.9180596
0.84765625 0.9374439
0.859375 0.72163224
0.83203125 0.75499815
0.875 0.7309619
0.86328125 1.0494974
0.84375 0.88731873
0.859375 0.82923645
0.8671875 0.6941551
0.875 1.1414773
0.8671875 1.3906753
0.8515625 1.1592072
0.83984375 0.9126464
0.84375 0.70174485
0.8515625 0.80100876
0.84765625 0.9538463
0.84765625 0.8372856
0.84765625 0.80457777
0.875 0.77737826
0.90625 0.7315149
0.87890625 1.041131
0.87109375 0.63945293
0.859375 1.2406443
0.8828125 0.92206645
0.875 0.6251719
0.8515625 1.0890164
0.86328125 0.7590411
0.88671875 0.76254916
0.8359375 1.1441602
0.90625 0.8570907
0.8828125 0.7181462
0.83984375 0.9776295
0.87109375 0.71595025
0.88671875 0.6199813
0.90234375 0.76463085
0.87890625 0.6338439
0.8828125 0.63745767
0.875 0.70877826
0.89453125 0.750131
0.859375 0.81934154
0.84765625 0.7519484
0.84375 1.015844
0.89453125 3.4788735
0.8671875 0.68873346
0.796875 0.9203358
0.79296875 1.0277122
0.79296875 1.0716059
0.79296875 0.9884991
0.73046875 1.3918315
0.7578125 1.1019046
0.734375 1.0929935
0.734375 1.0340619
0.7734375 1.2164448
0.83203125 0.8396977
0.80859375 1.3278556
0.8671875 0.77561396
0.83984375 1.2886411
0.84375 0.85623974
0.86328125 1.0539458
0.8515625 1.1152666
0.859375 0.82830715
0.87890625 0.7028909
0.85546875 0.9598676
0.86328125 0.8066089
0.859375 1.243203
0.86328125 0.84036064
0.92578125 0.7698118
0.90234375 0.6469266
0.9140625 0.6445276
0.9296875 1.0603714
0.89453125 0.8334373
0.87109375 0.8163271
0.9453125 0.4537084
0.91015625 0.9264125
0.9140625 0.80136734
0.9375 0.4870795
0.8828125 0.8377435
0.90625 1.441727
0.89453125 1.402326
0.84765625 0.7589868
0.8359375 1.1192504
0.83984375 0.8290914
0.83984375 0.88859636
0.84765625 0.89661276
0.875 1.1874318
0.83984375 0.81976473
0.89453125 0.76443386
0.8984375 0.90160704
0.921875 0.5584146
0.921875 0.4889258
0.88671875 0.8828697
0.92578125 1.0031239
0.93359375 0.65843153
0.93359375 0.70713586
0.92578125 0.9500068
0.94140625 0.6712529
0.953125 0.4433027
0.921875 1.777004
0.9296875 0.657269
0.8984375 0.6408172
0.91796875 0.7743553
0.859375 0.7566751
0.86328125 0.78887904
0.88671875 0.8648639
0.87890625 0.81783897
0.89453125 0.65289646
0.8671875 0.83353215
0.90625 0.53351533
0.91015625 0.5840104
0.91015625 0.8853156
0.9140625 0.6304414
0.8984375 0.6244633
0.91796875 0.6733842
0.90234375 0.6045999
0.91015625 0.75318456
0.90234375 0.6766156
0.91796875 0.42232773
0.91015625 0.5295284
0.9140625 0.5489335
0.93359375 0.7171239
0.9140625 0.71651626
0.94921875 0.5044095
0.92578125 0.48115516
0.9296875 0.6014418
0.8984375 0.68877965
0.9296875 0.5641554
0.9453125 0.4263754
0.89453125 0.6888633
0.89453125 0.89632577
0.93359375 0.42429757
0.9140625 0.6844089
0.90234375 0.57832754
0.86328125 1.1199892
0.90234375 0.5291549
0.90234375 0.6113665
0.91796875 0.4788366
0.9140625 0.5337609
0.88671875 0.82539684
0.90625 0.6271017
0.88671875 0.68899643
0.91015625 0.48534918
0.88671875 1.7831717
0.890625 0.6254205
0.92578125 0.46578884
0.9140625 0.48726147
0.9140625 0.6847885
0.89453125 0.8582774
0.90234375 0.6548252
0.92578125 0.4741257
0.90625 0.7476176
0.89453125 0.63274854
0.87890625 0.5125605
0.9375 0.38725197
0.92578125 0.5431709
0.890625 0.8237562
0.9140625 0.44809058
0.921875 0.61076754
0.90234375 0.4854148
0.9296875 0.7521632
0.91796875 0.6318158
0.94140625 0.57214177
0.90625 0.52458435
0.93359375 0.37719953
0.93359375 0.5990913
0.9140625 1.6796701
0.91796875 0.700876
0.91796875 0.49869195
0.92578125 0.4320605
0.9296875 0.75085056
0.92578125 1.2713432
0.92578125 1.0076334
0.90625 0.5373392
0.8828125 0.6546526
0.84765625 0.9457302
0.87109375 0.6946599
0.9140625 0.66476685
0.890625 0.8394735
0.890625 0.67443436
0.90625 0.619288
0.890625 0.5503459
0.90625 0.8276573
0.921875 0.4879678
0.91015625 0.45932725
0.9453125 0.36088175
0.9453125 0.40736562
0.9453125 0.32791594
0.94140625 0.57298285
0.9296875 0.46995082
0.94140625 0.43865702
0.9375 0.49340293
0.94140625 0.4780038
0.91015625 0.5217123
0.9140625 0.64656025
0.9296875 0.48557734
0.91796875 0.35250634
0.92578125 0.5813642
0.94140625 0.69445324
0.90625 0.6622793
0.94140625 0.51731837
0.93359375 0.5133019
0.9296875 0.3675244
0.91015625 0.42933112
0.90234375 0.5542038
0.90234375 0.555281
0.92578125 0.49498433
0.94140625 0.5512547
0.9609375 0.43032873
0.953125 0.4105253
0.94140625 0.39015776
0.95703125 0.8373061
0.9375 0.54612124
0.93359375 0.51212883
0.94140625 0.34887955
0.9453125 0.638177
0.9140625 0.5746679
0.89453125 1.5122178
0.91796875 0.47315258
0.9296875 0.55267656
0.91015625 0.67050403
0.91796875 0.4417135
0.9140625 0.67594707
0.88671875 0.472686
0.8671875 1.158301
0.90234375 0.73870665
0.88671875 0.7592698
0.86328125 0.63904595
0.8984375 0.52105105
0.8984375 0.5790703
0.90234375 0.5844314
0.90625 0.8975784
0.91015625 0.4833467
0.94140625 0.54129785
0.9140625 0.630203
0.9140625 0.50564545
0.8828125 0.6196922
0.91796875 0.824637
0.9296875 0.38751963
0.91796875 0.5044339
0.89453125 0.6113647
0.9296875 0.8000208
0.921875 0.5202528
0.91796875 0.45806533
0.921875 0.40568492
0.93359375 0.38314658
0.921875 0.3333048
0.91015625 0.5002388
0.921875 0.86660135
0.9296875 0.31908086
0.90625 0.6890454
0.92578125 0.4323867
0.9140625 0.4638713
0.9296875 0.36087394
0.921875 0.7687089
0.90234375 0.66752386
0.9296875 0.37774807
0.9375 0.25961065
0.921875 0.70860684
0.94921875 0.4100454
0.93359375 0.37179467
0.95703125 0.3091072
0.9296875 0.33179587
0.9375 0.4253299
0.93359375 0.32876804
0.953125 0.4185471
0.9296875 0.504437
0.94921875 0.25119707
0.95703125 0.30110145
0.92578125 0.4605978
0.92578125 0.35547557
0.93359375 0.3783524
0.93359375 0.32147822
0.953125 0.39108863
0.96875 0.21211022
0.96484375 0.23825079
0.9375 0.28012687
0.94921875 0.39367163
0.95703125 0.32724047
0.94140625 0.39782292
0.96484375 0.1820396
0.94140625 0.6652512
0.95703125 0.30259186
0.93359375 0.310374
0.96875 0.38462678
0.93359375 0.4786485
0.921875 1.7201697
0.9453125 1.0538965
0.94921875 0.5264964
0.9140625 0.40894273
0.875 0.8953185
0.85546875 0.6840645
0.828125 0.73233235
0.89453125 0.57232976
0.86328125 0.7175287
0.8515625 0.6198982
0.875 0.63348955
0.90234375 0.7600558
0.875 0.80894846
0.875 0.6669009
0.8984375 0.61600626
0.92578125 0.39693943
0.921875 0.41329756
0.921875 0.46281546
0.90625 0.8139163
0.93359375 0.40953583
0.92578125 0.49426723
0.94140625 0.38181254
0.94921875 0.63418525
0.94921875 0.3135475
0.921875 0.37206262
0.92578125 0.3932619
0.96875 0.25085753
0.94140625 0.29052085
0.95703125 0.64001787
0.9296875 0.5201559
0.9296875 0.94197583
0.90234375 0.5286081
0.91015625 0.97245264
0.921875 0.49557546
0.94140625 0.3572129
0.92578125 1.020853
0.8671875 0.58898723
0.8515625 0.692404
0.921875 0.46539345
0.91015625 0.46580353
0.90234375 0.5668595
0.89453125 0.4768532
0.921875 0.44324115
0.92578125 0.40678734
0.875 0.7124458
0.89453125 0.6236338
0.91796875 0.7234653
0.95703125 0.33969778
0.92578125 0.423907
0.94140625 0.4053466
0.91796875 0.356211
0.92578125 0.6769424
0.94140625 0.81285083
0.953125 0.3566959
0.921875 0.6972893
0.93359375 0.33789608
0.9453125 0.7142506
0.94921875 0.36878374
0.91015625 0.4188037
0.96484375 0.24138
0.93359375 0.38289565
0.92578125 0.41943523
0.9453125 0.33061922
0.9453125 0.4112897
0.94140625 0.49231237
0.94921875 0.38043827
0.96875 0.7445796
0.9375 0.47971496
0.94140625 0.3526071
0.9453125 0.3675235
0.95703125 0.3082916
0.96484375 0.2794363
0.9453125 0.3327002
0.953125 0.41976753
0.97265625 0.21992058
0.9296875 0.48407924
0.93359375 0.47330734
0.9609375 0.1840041
0.9453125 0.32476777
0.94921875 0.4177239
0.9453125 0.2957532
0.9453125 0.39826688
0.9296875 0.3690305
0.96484375 0.28182197
0.94921875 2.0557082
0.90234375 0.65059674
0.9296875 0.4320803
0.921875 0.42489475
0.89453125 0.47006974
0.91796875 1.1773564
0.9296875 0.43617928
0.91796875 0.34108287
0.92578125 0.41924965
0.9140625 0.46822092
0.92578125 0.52582276
0.8984375 0.52379787
0.9140625 0.82424027
0.9375 0.3890878
0.93359375 0.42605677
0.9296875 0.44216952
0.9453125 0.33173394
0.9375 0.42901096
0.94921875 0.3206074
0.93359375 0.48545462
0.953125 0.41962096
0.9453125 0.68764305
0.953125 0.32055444
0.9375 0.5066769
0.921875 0.41752112
0.94921875 0.44721287
0.94921875 0.41544563
0.96484375 0.208252
0.953125 0.36179614
0.95703125 0.35095897
0.92578125 0.54244906
0.9375 0.50635344
0.9453125 0.34400088
0.96484375 0.15320654
0.92578125 0.38775522
0.95703125 0.6649271
0.92578125 0.32588872
0.94140625 0.32506466
0.953125 0.30402496
0.9453125 1.0221957
0.9609375 0.28950223
0.9375 0.39041507
0.9453125 0.32675165
0.9609375 0.2764308
0.9453125 0.4153052
0.91796875 1.0356835
0.93359375 0.42942557
0.93359375 0.42040423
0.96484375 0.24950331
0.90234375 0.6128265
0.93359375 0.40263373
0.90625 0.41820556
0.91796875 0.4047658
0.95703125 0.56313425
0.94140625 0.38417748
0.91796875 0.3553077
0.94140625 0.3313326
0.96484375 0.3029068
0.92578125 0.56233704
0.9453125 0.27938172
0.9609375 0.26509684
0.94140625 0.27783465
0.95703125 0.5023413
0.94140625 0.5135151
0.9375 0.46773735
0.94140625 0.51450413
0.89453125 0.5748066
0.93359375 0.3793936
0.9453125 0.343062
0.91015625 0.6243492
0.91015625 0.7220137
0.94921875 0.2926696
0.9296875 0.6698413
0.9296875 0.53894746
0.92578125 0.46863756
0.953125 0.31838506
0.95703125 0.29022205
0.921875 0.38416943
0.9453125 0.3258357
0.92578125 0.4641668
0.9375 0.5795656
0.9375 0.3097684
0.92578125 0.6133858
0.94140625 0.45123348
0.93359375 0.7212554
0.94921875 0.38222998
0.94140625 0.41656065
0.94921875 0.2810736
0.9453125 0.71878576
0.93359375 0.3348892
0.9609375 0.27175617
0.94921875 0.33190936
0.93359375 0.2844733
0.95703125 0.2545857
0.95703125 0.28861296
0.97265625 0.21239349
0.953125 0.20137934
0.92578125 0.36213133
0.96875 0.32156348
0.95703125 0.21978861
0.9453125 0.22328445
0.9765625 0.2900959
0.9609375 0.25541413
0.94921875 0.24548265
0.94140625 0.6084732
0.96875 0.17070319
0.98828125 0.11745614
0.95703125 0.20590986
0.94921875 0.42982897
0.95703125 0.41463363
0.9375 0.37128437
0.96875 0.27481672
0.9765625 0.30623466
0.94921875 0.25390673
0.96875 0.17043574
0.9765625 0.18949069
0.94140625 0.33046445
0.97265625 0.20270662
0.94140625 0.4700693
0.953125 0.9393108
0.91796875 0.5345762
0.9375 0.45876247
0.97265625 0.1879659
0.94921875 0.24767119
0.94140625 0.42882067
0.94921875 0.2727219
0.9453125 0.3023271
0.9296875 0.6040576
0.93359375 0.33061427
0.96484375 0.19130762
0.921875 0.32554772
0.9609375 0.25556272
0.9296875 0.33187538
0.93359375 0.33303434
0.953125 0.2953811
0.94140625 0.44129416
0.9375 0.23889947
0.98046875 0.11009501
0.9609375 0.30277988
0.94921875 0.56740004
0.97265625 0.14265595
0.97265625 0.18974873
0.9609375 0.18776378
0.97265625 0.27305698
0.9609375 0.17387465
0.96875 0.136343
0.9375 0.52972704
0.9140625 0.7020118
0.96875 0.18102574
0.94921875 0.3171815
0.9609375 0.43314105
0.96875 0.17349088
0.95703125 0.28489795
0.9609375 0.19761743
0.95703125 0.21151936
0.95703125 0.2449265
0.9375 0.38427916
0.94921875 0.3987737
0.953125 0.2697905
0.9453125 0.22033684
0.9296875 0.8112417
0.9609375 0.18993345
0.94140625 0.2934922
0.953125 0.20601255
0.94921875 0.26316655
0.9453125 0.23973337
0.93359375 0.32238787
0.96875 0.2686183
0.9453125 0.5700833
0.97265625 0.20910501
0.9296875 0.33693066
0.94921875 0.22630802
0.93359375 0.35250422
0.97265625 0.1260718
0.9765625 0.15734686
0.93359375 0.36312217
0.96484375 0.23570603
0.9453125 0.34492427
0.96875 0.16696447
0.96484375 0.22163191
0.95703125 0.23366874
0.94921875 0.32719624
0.9609375 0.18637592
0.95703125 0.19240114
0.95703125 0.38861585
0.98828125 0.15897234
0.94921875 0.33982638
0.9453125 1.0924821
0.95703125 0.29602042
0.9609375 0.21933025
0.9296875 0.6717175
0.9296875 1.4043121
0.9453125 0.4911489
0.90625 0.8202973
0.9140625 0.671589
0.90234375 0.43880823
0.86328125 0.72065115
0.86328125 0.67752737
0.88671875 0.85086596
0.859375 0.63832736
0.87109375 0.6286604
0.8828125 0.60216403
0.88671875 0.58456415
0.89453125 0.7366115
0.90234375 0.48071334
0.92578125 0.38956985
0.9296875 0.37387186
0.94921875 0.3660679
0.90625 0.4624452
0.9453125 0.32798243
0.91796875 0.3734591
0.95703125 0.2439569
0.9375 0.37247196
0.9296875 0.37474683
0.8984375 0.6902131
0.9453125 0.91951245
0.9296875 0.3752377
0.94921875 0.3062493
0.94140625 0.3651279
0.98046875 0.19005258
0.9453125 0.2818356
0.96484375 0.21625286
0.96484375 0.66287935
0.953125 0.2458259
0.94140625 0.36975572
0.95703125 0.25364122
0.93359375 0.31438872
0.95703125 0.18742387
0.9453125 0.2406429
0.94921875 0.50814027
0.96875 0.20754354
0.94921875 0.27449977
0.96484375 0.2504261
0.97265625 0.13291171
0.94140625 0.26296425
0.95703125 0.28179935
0.984375 0.11585088
0.9609375 0.18648902
0.9453125 0.32371205
0.96484375 0.45341983
0.96484375 0.2118983
0.953125 0.3374101
0.96484375 0.3143649
0.95703125 0.1872423
0.94140625 0.5167284
0.9609375 0.21823584
0.9375 0.26402766
0.9375 0.2981125
0.9453125 0.33130953
0.9375 0.69019604
0.9375 0.2758961
0.94921875 0.44069156
0.9140625 0.4357935
0.94921875 0.38973007
0.8984375 0.38832414
0.90625 0.35793865
0.92578125 0.32372573
0.9609375 0.22144479
0.9140625 0.31996483
0.95703125 1.1635385
0.953125 0.23912954
0.9609375 0.23852256
0.921875 0.37982252
0.93359375 0.4026621
0.94140625 0.31797966
0.9453125 0.32309502
0.9375 0.2956491
0.9453125 0.24207118
0.9453125 0.48537076
0.94921875 0.38096142
0.94140625 0.30592275
0.96484375 0.3217484
0.9609375 0.8806112
0.9609375 0.2633298
0.94921875 0.27926946
0.96484375 0.25697452
0.953125 0.2877391
0.9765625 0.19404082
0.94921875 0.27704102
0.9609375 0.46528822
0.96875 0.21945861
0.953125 0.4427317
0.95703125 0.44262066
0.9453125 0.31698313
0.97265625 0.1602285
0.93359375 0.3044455
0.96484375 0.4279556
0.96484375 0.270781
0.96484375 0.44938907
0.95703125 0.24964562
0.98046875 0.28607485
0.95703125 0.27009442
0.953125 0.5005562
0.9765625 0.1743646
0.9375 0.40217566
0.9453125 0.26649353
0.94921875 0.4883345
0.94921875 0.53251266
0.953125 0.30644372
0.94921875 0.5412738
0.94921875 0.22019732
0.9375 0.4201177
0.9453125 0.26039186
0.94921875 0.3126191
0.984375 0.17864236
0.921875 0.96736205
0.9296875 0.33482087
0.93359375 0.35260844
0.9609375 0.23180568
0.9609375 0.2348902
0.92578125 0.29405543
0.96875 0.20673019
0.94921875 0.26399568
0.9765625 0.16265664
0.94921875 0.2947599
0.96875 0.22792408
0.9609375 0.18778823
0.9765625 0.3470889
0.97265625 0.20395316
0.97265625 0.13230325
0.98828125 0.2161782
0.9609375 0.23105496
0.96875 0.11824082
0.9453125 0.48288196
0.9765625 0.14832029
0.9609375 0.35685888
0.9765625 0.44697905
0.95703125 0.16898513
0.95703125 1.2957028
0.9375 1.1524191
0.92578125 0.43077067
0.9453125 0.35277373
0.92578125 0.33310217
0.8984375 0.44274136
0.9375 0.39251578
0.93359375 0.3709593
0.890625 0.46140704
0.890625 0.5219059
0.8671875 0.6634148
0.9296875 0.34777486
0.87109375 0.55616236
0.92578125 0.36986163
0.92578125 0.40463868
0.9375 0.3282101
0.94140625 0.35779884
0.9296875 0.31115443
0.921875 0.5921886
0.96484375 0.39478546
0.97265625 0.17995904
0.94921875 0.4987718
0.96875 0.27572784
0.96875 0.23119573
0.94140625 0.27733254
0.97265625 0.13665852
0.95703125 0.45535582
0.9453125 0.29751074
0.95703125 0.2431392
0.94921875 0.63953763
0.96484375 0.21304494
0.953125 0.20779762
0.9609375 0.53702193
0.96875 0.1923979
0.92578125 0.34162396
0.97265625 0.30363172
0.9609375 0.29639205
0.95703125 0.35095483
0.953125 0.35804895
0.9296875 0.48196396
0.97265625 0.2508922
0.9453125 0.2610578
0.94921875 0.44980067
0.93359375 0.31373787
0.98046875 0.17596373
0.90234375 0.769382
0.95703125 0.3211593
0.9296875 0.27539498
0.94921875 0.3612743
0.9609375 0.21402551
0.953125 0.26715297
0.94921875 0.26797667
0.97265625 0.23341066
0.95703125 0.22438374
0.94921875 0.21944177
0.921875 0.42677778
0.94921875 0.24080954
0.94140625 0.829721
0.953125 0.29650837
0.9453125 0.3962397
0.94140625 0.50615793
0.94140625 0.2223203
0.953125 0.23734285
0.9609375 0.2171891
0.92578125 0.37630543
0.96484375 0.19411495
0.95703125 0.24254663
0.953125 0.2611351
0.94140625 0.3160044
0.953125 0.54195637
0.9609375 0.24022734
0.953125 0.45910653
0.9296875 0.25690132
0.95703125 0.17040864
0.97265625 0.20912309
0.9609375 0.18982999
0.9765625 0.14130768
0.96484375 0.14465542
0.9609375 1.0293261
0.953125 0.2734471
0.95703125 0.26028463
0.94921875 0.30533683
0.9375 0.2823349
0.9453125 0.32809788
0.921875 0.3844059
0.9765625 0.26600504
0.94921875 0.27864933
0.9609375 0.16492464
0.953125 0.7235414
0.9453125 0.6563717
0.95703125 0.21856418
0.94921875 0.49342248
0.9453125 0.32185864
0.9609375 0.29466626
0.9375 0.5657576
0.92578125 0.2851318
0.93359375 0.3356418
0.9453125 0.9209591
0.93359375 0.3246407
0.9453125 0.8141705
0.953125 0.32236266
0.953125 0.27494308
0.93359375 0.44942653
0.9375 0.31341636
0.9453125 0.5059592
0.9453125 0.31717914
0.953125 0.35574526
0.94921875 0.2753793
0.94140625 0.3426061
0.93359375 0.3837112
0.91796875 0.3688652
0.9453125 0.29874843
0.96484375 0.26217502
0.9453125 0.22943407
0.94921875 0.3985139
0.94921875 0.48071688
0.96875 0.18222655
0.98046875 0.11864197
0.94921875 0.4426043
0.94140625 0.43911323
0.953125 0.4586388
0.953125 0.25249115
0.95703125 0.23904915
0.96484375 0.14226753
0.95703125 0.30122668
0.96875 0.13984807
0.96484375 0.62583
0.9609375 0.8383633
0.94921875 0.20868044
0.96875 0.32733488
0.953125 0.18952328
0.91796875 0.2790722
0.94921875 0.27478766
0.953125 0.24061802
0.97265625 0.18080308
0.96484375 0.23776384
0.9453125 0.2663052
0.96484375 0.18807854
0.95703125 0.2735613
0.96484375 0.26461357
0.97265625 0.1791433
0.94140625 0.45875233
0.984375 0.16084257
0.953125 0.20761335
0.96484375 0.22931331
0.953125 0.8331541
0.9765625 0.2308551
0.96875 0.18206908
0.9375 0.4254155
0.96875 0.26767227
0.96484375 0.22918501
0.94140625 0.34039623
0.9375 0.36579472
0.95703125 0.3372261
0.95703125 0.25458878
0.94140625 0.54446626
0.953125 0.251708
0.96484375 0.27302778
0.9609375 0.2450729
0.953125 0.2848892
0.9375 0.30055016
0.9609375 0.24385832
0.953125 0.319942
0.93359375 0.5272411
0.95703125 0.33224133
0.9375 0.6888959
0.97265625 0.18418042
0.9375 0.2602233
0.94140625 0.4961268
0.96875 0.31233537
0.96484375 0.21665649
0.953125 0.38209456
0.94140625 0.3645758
0.94921875 0.30045098
0.9296875 0.3172103
0.921875 0.2977729
0.921875 0.3257178
0.95703125 0.27930436
0.92578125 0.44191042
0.9609375 0.20687233
0.94140625 0.28372574
0.9296875 0.77131253
0.94921875 0.2829862
0.93359375 0.26714468
0.94921875 0.2384559
0.953125 0.1703956
0.96875 0.33643454
0.96484375 0.34712157
0.953125 0.23686685
0.9453125 0.6184151
0.96484375 0.2082445
0.96875 0.19702585
0.96875 0.25075135
0.96875 0.14111657
0.9609375 0.21222267
0.95703125 0.2116842
0.96875 0.21746567
0.95703125 0.24252665
0.9609375 0.25598273
0.9375 0.46725756
0.95703125 0.18106389
0.97265625 0.17763709
0.97265625 0.12628223
0.95703125 0.22842556
0.9609375 0.17197192
0.97265625 0.16988254
0.9765625 0.19512673
0.9609375 0.15842696
0.953125 0.3130048
0.95703125 0.5494518
0.9609375 0.20091842
0.9609375 0.35163704
0.9765625 0.26821953
0.96875 0.2590362
0.9609375 0.30543715
0.9609375 0.22643511
0.98828125 0.09902538
0.98046875 0.12439954
0.9453125 0.26286927
0.96484375 0.193644
0.96484375 0.3434077
0.95703125 0.30752927
0.96484375 0.5577307
0.95703125 0.19008741
0.96875 0.16664544
0.9375 0.35848212
0.96875 0.15669116
0.9765625 0.1416936
0.96484375 0.15896331
0.98046875 0.14882061
0.96875 0.15579896
0.98046875 0.15608418
0.9765625 0.12993568
0.97265625 0.25831774
0.98046875 0.10148994
0.95703125 0.21853445
0.95703125 0.17409919
0.98046875 0.16481815
0.96484375 0.22706854
0.96484375 0.31310758
0.98046875 0.15205847
0.9765625 0.20160799
0.9453125 0.23930405
0.98046875 0.14301279
0.98046875 0.20024267
0.97265625 0.3504839
0.96875 0.5589035
0.97265625 0.21240155
0.953125 0.25490528
0.97265625 0.13969514
0.9765625 0.118150726
0.96484375 0.1884672
0.9609375 0.19854239
0.97265625 0.25636923
0.953125 0.19245878
0.96484375 0.21755189
0.953125 0.20341222
0.9609375 0.20586781
0.96484375 0.27564162
0.9453125 0.30246222
0.98046875 0.09024178
0.98046875 0.13583784
0.9765625 0.11712457
0.96484375 0.20828004
0.97265625 0.25499287
0.96484375 0.17093964
0.9609375 1.0217053
0.94140625 0.3925609
0.9609375 0.9156735
0.953125 0.24471863
0.94921875 0.25230265
0.95703125 0.21041605
0.96484375 0.31986797
0.93359375 0.36969626
0.9296875 0.4192418
0.9296875 0.30645984
0.95703125 0.26013815
0.9296875 0.31187117
0.9140625 0.38188177
0.94921875 0.3788773
0.94140625 0.31336462
0.9296875 0.44613346
0.95703125 0.46835732
0.94921875 0.55304754
0.95703125 0.24291801
0.95703125 0.23001389
0.97265625 0.2255004
0.93359375 0.25532463
0.94921875 0.46957004
0.96875 0.39308745
0.9453125 0.27310434
0.9609375 0.39343068
0.9453125 0.27404442
0.9765625 0.16811505
0.9609375 0.20914109
0.9609375 0.19434881
0.96484375 0.1991814
0.9375 0.39388633
0.953125 0.39562243
0.9453125 0.24796383
0.96484375 0.19863072
0.96484375 0.19120182
0.94921875 0.21570235
0.9609375 0.15634757
0.953125 0.62038803
0.97265625 0.198253
0.96484375 0.18636324
0.98046875 0.30682245
0.9609375 0.2586199
0.9609375 0.26547772
0.96875 0.14651313
0.94921875 0.24644953
0.96484375 0.1833926
0.921875 0.2975047
0.97265625 0.14147043
0.96484375 0.17986365
0.96875 0.17531478
0.98046875 0.19959919
0.953125 0.2902065
0.9609375 0.24092098
0.953125 0.32829535
0.9609375 0.27587444
0.97265625 0.14055471
0.96875 0.19192997
0.953125 0.2029391
0.97265625 0.11540765
0.98046875 0.9463319
0.95703125 0.5940202
0.96484375 0.3152243
0.953125 0.20671672
0.96484375 0.36815858
0.95703125 0.15787786
0.9765625 0.20302556
0.96875 0.16281837
0.953125 0.22018364
0.95703125 0.33181927
0.96875 0.36198586
0.96484375 0.20123605
0.9453125 0.31356585
0.97265625 0.16701785
0.96875 0.24147798
0.953125 0.28042018
0.96484375 0.15971297
0.9453125 0.22564048
0.97265625 0.24948412
0.96484375 0.199038
0.92578125 0.34377792
0.94921875 0.20194359
0.98046875 0.12236846
0.9453125 0.19623174
0.96484375 0.2134689
0.97265625 0.17463744
0.9765625 0.12772492
0.96484375 0.2273651
0.9609375 0.2116253
0.97265625 0.41368335
0.96875 0.13800178
0.97265625 0.15054588
0.984375 0.18746759
0.97265625 0.3006289
0.96875 0.25632206
0.98046875 0.116185114
0.95703125 0.13866442
0.9765625 0.11488479
0.984375 0.11502956
0.98046875 0.09506414
0.953125 0.19342288
0.96484375 0.16211985
0.97265625 0.16173792
0.984375 0.081924334
0.98046875 0.0798047
0.953125 0.5083364
0.96484375 0.30284178
0.98046875 0.14462362
0.95703125 0.3103207
0.953125 0.19630028
0.953125 0.20479122
0.98046875 0.12340435
0.95703125 0.44395372
0.9765625 0.15117614
0.96875 0.29904696
0.96484375 0.1429948
0.96484375 0.37102973
0.95703125 0.27208716
0.98046875 0.1164764
0.97265625 0.18498486
0.96875 0.3991278
0.97265625 0.12226842
0.97265625 0.21648835
0.9609375 0.28972968
0.96484375 0.16449805
0.93359375 0.3488912
0.95703125 0.18374786
0.9609375 0.16291395
0.9453125 0.3232965
0.97265625 0.19613074
0.953125 0.19484885
0.9609375 0.2050032
0.953125 0.25794438
0.9765625 0.14568001
0.96484375 0.1849864
0.96484375 0.17194523
0.9609375 0.20842983
0.96484375 0.1679263
0.95703125 0.24540868
0.9609375 0.2715582
0.94921875 0.18500185
0.9765625 0.29860067
0.94921875 0.28542355
0.9609375 0.32899967
0.96875 0.1793343
0.953125 0.2362544
0.96484375 0.15449262
0.98046875 0.12876989
0.953125 0.2939685
0.96484375 0.14323327
0.96875 0.11416977
0.96875 0.20009468
0.984375 0.14016628
0.96484375 0.14777946
0.95703125 0.19394453
0.9765625 0.12998599
0.9609375 0.14786091
0.95703125 0.17413194
0.9765625 0.10082235
0.98046875 0.19019699
0.9609375 0.16639076
0.97265625 0.1398908
0.97265625 0.19628717
0.9765625 0.089366935
0.984375 0.07393232
0.97265625 0.18859613
0.98046875 0.109981604
0.97265625 0.09047098
0.9921875 0.15238762
0.9765625 0.22188836
0.98046875 0.39052618
0.97265625 0.3283636
0.96484375 0.15387104
0.97265625 0.13969615
0.97265625 0.50011086
0.9609375 0.15461308
0.9765625 0.38198766
0.96484375 0.50201464
0.9765625 0.125543
0.9765625 0.11776662
0.9453125 0.2672428
0.94140625 0.22102824
0.92578125 0.33899936
0.95703125 0.22936784
0.953125 0.31975186
0.96484375 0.21929798
0.94140625 0.2612367
0.95703125 0.20141521
0.9765625 0.14840929
0.94140625 0.25228733
0.9453125 0.22690867
0.95703125 0.18715939
0.97265625 0.37695333
0.9765625 0.22516641
0.95703125 0.26072004
0.94921875 0.22735596
0.97265625 0.12798403
0.96875 0.1587188
0.9765625 0.103705265
0.9765625 0.11150965
0.96484375 0.32952714
0.96875 0.18247813
0.9765625 0.15075086
0.96875 0.40056193
0.984375 0.09442756
0.97265625 0.16060877
0.98046875 0.331361
0.9765625 0.14102319
0.9609375 0.2406027
0.96875 0.12209061
0.95703125 0.20850594
0.96484375 0.3553493
0.9375 0.22833309
0.9609375 0.16369118
0.97265625 0.15365139
0.9609375 0.19556916
0.94140625 0.21596202
0.9609375 0.15871227
0.96484375 0.18525943
0.9765625 0.11186181
0.96484375 0.21822333
0.9609375 0.1914179
0.96875 0.15667647
0.96875 0.32495958
0.984375 0.10066285
0.953125 0.17825817
0.984375 0.1331138
0.984375 0.17234546
0.96484375 0.13148212
0.98046875 0.098255195
0.97265625 0.14121446
0.96484375 0.1251767
0.97265625 0.10553757
0.98828125 0.10077515
0.97265625 0.3535104
0.96875 0.13375692
0.9609375 0.4310382
0.96875 0.12582138
0.953125 0.19004068
0.9609375 0.49590755
0.98046875 0.16581735
