0.076171875 2.853379
0.296875 2.086277
0.1953125 2.418431
0.37109375 1.7691234
0.37695312 1.7402515
0.40820312 1.651064
0.3828125 1.5869764
0.44921875 1.4807967
0.5058594 1.4510329
0.5175781 1.3699837
0.5058594 1.4595768
0.5136719 1.3744233
0.5527344 1.316668
0.5175781 1.2983078
0.53125 1.2854798
0.59375 1.1823456
0.5488281 1.2843012
0.5058594 1.2369772
0.58984375 1.1459621
0.6347656 1.1732261
0.59375 1.1447219
0.6171875 1.1166636
0.6621094 1.0171002
0.6171875 1.0330272
0.6328125 1.0585843
0.62890625 0.97700554
0.5800781 1.047522
0.625 0.9730495
0.6972656 0.94083416
0.67578125 0.93723136
0.66796875 0.9516095
0.6660156 0.88557655
0.703125 0.90624493
0.6582031 0.935412
0.6484375 0.9332308
0.6425781 0.9163794
0.6503906 0.9215895
0.6191406 0.8865727
0.6796875 0.843552
0.7324219 0.8089438
0.640625 0.8982207
0.6894531 0.8156516
0.7011719 0.768391
0.75390625 0.7806665
0.7265625 0.82904744
0.75 0.81167877
0.76171875 0.7424743
0.8066406 0.7429769
0.7285156 0.77024424
0.7675781 0.71957433
0.7207031 0.7279654
0.7480469 0.73678756
0.6972656 0.7109132
0.703125 0.8444463
0.7636719 0.7924522
0.78515625 0.6974914
0.7753906 0.74257976
0.7285156 0.6821132
0.75 0.6401653
0.7421875 0.6597873
0.79296875 0.6314274
0.8261719 0.65804577
0.81640625 0.65985614
0.80078125 0.6276927
0.8027344 0.61769295
0.8222656 0.56912446
0.80078125 0.5940193
0.7597656 0.68548495
0.8027344 0.63917196
0.86328125 0.5675118
0.8046875 0.7466207
0.8730469 0.58474344
0.83203125 0.6505892
0.8046875 0.6604739
0.7890625 0.6192045
0.7597656 0.68908364
0.8457031 0.5905362
0.7988281 0.66455543
0.8203125 0.6433017
0.8359375 0.53028136
0.84765625 0.60142195
0.8300781 0.59074163
0.8144531 0.67912745
0.8339844 0.57142115
0.859375 0.6922266
0.8535156 0.54659235
0.85546875 0.54586244
0.8300781 0.56456435
0.8613281 0.5262959
0.828125 0.6587068
0.8769531 0.53446615
0.8691406 0.51614505
0.8730469 0.6698117
0.8652344 0.523656
0.8769531 0.5191539
0.8613281 0.5911126
0.82421875 0.51802194
0.8613281 0.5267926
0.84765625 0.54384756
0.8886719 0.50642526
0.890625 0.46859762
0.859375 0.60811687
0.8652344 0.6114323
0.890625 0.5275738
0.9199219 0.463397
0.90234375 0.5497693
0.9082031 0.45735216
0.9140625 0.46687466
0.921875 0.46140984
0.9277344 0.49470693
0.8925781 0.5304905
0.8652344 0.5285555
0.8535156 0.53621125
0.890625 0.4979559
0.90625 0.47612035
0.9121094 0.4855175
0.9355469 0.39428923
0.9082031 0.44090402
0.9238281 0.42179182
0.9160156 0.43358165
0.9140625 0.4278299
0.93359375 0.37164137
0.9121094 0.42797434
0.9199219 0.41103482
0.9375 0.35226834
0.93359375 0.37156078
0.9316406 0.40573394
0.91796875 0.3952706
0.9042969 0.44176376
0.92578125 0.37265205
0.88671875 0.44750744
0.9199219 0.48522493
0.9199219 0.3575715
0.9042969 0.412574
0.91015625 0.47496513
0.9296875 0.4178447
0.9042969 0.4133305
0.9140625 0.40335745
0.921875 0.4101225
0.9296875 0.45128506
0.9140625 0.43335325
0.9238281 0.36732104
0.9277344 0.33606693
0.9199219 0.38990593
0.9199219 0.3547114
0.9394531 0.3694237
0.9316406 0.37479526
0.93359375 0.37747237
0.9316406 0.3288536
0.9199219 0.39342237
0.9082031 0.4420453
0.9316406 0.40915734
0.9296875 0.38109824
0.9355469 0.3681401
0.9316406 0.3126848
0.9160156 0.4334355
0.92578125 0.3165874
0.94921875 0.33410335
0.93359375 0.32635197
0.94140625 0.33856347
0.94140625 0.35626188
0.93359375 0.37672544
0.9394531 0.35237536
0.93359375 0.3386326
0.953125 0.32533208
0.9296875 0.3252788
0.9238281 0.37817645
0.9394531 0.29730108
0.9355469 0.34646067
0.94140625 0.2922641
0.9316406 0.33240438
0.9316406 0.34915182
0.9355469 0.31103167
0.92578125 0.31825075
0.94921875 0.2651615
0.9394531 0.31658047
0.9277344 0.29717553
0.95703125 0.34092063
0.9316406 0.35491914
0.9355469 0.33752245
0.93359375 0.27210915
0.94140625 0.3606675
0.9375 0.2974772
0.953125 0.33419603
0.9394531 0.2873145
0.9628906 0.24690396
0.9511719 0.2763038
0.93359375 0.31093708
0.9472656 0.27692607
0.9550781 0.30513594
0.9472656 0.3438394
0.94140625 0.34613556
0.9472656 0.40623617
0.9511719 0.26404107
0.9550781 0.26354355
0.9355469 0.34677887
0.94140625 0.25097582
0.9277344 0.29980037
0.9511719 0.31963304
0.94140625 0.2557183
