0.140625 2.300839
0.09375 5.442228
0.09375 2.297203
0.09375 2.3012836
0.12890625 2.3007438
0.1640625 2.2997472
0.07421875 2.3050337
0.09375 2.3000574
0.08203125 2.3051543
0.12109375 2.301779
0.1015625 2.3052945
0.09375 2.2999587
0.09375 2.3025627
0.12890625 2.2990606
0.11328125 2.3003092
0.09375 2.2969334
0.1171875 2.299396
0.1015625 2.298513
0.08984375 2.2962728
0.21875 2.2895145
0.265625 2.2796783
0.1953125 2.2667892
0.16015625 2.2457998
0.1484375 2.2694442
0.19140625 2.1844769
0.1875 2.1858397
0.16796875 2.173071
0.17578125 2.153509
0.203125 2.1383388
0.203125 2.1011171
0.16796875 2.1670637
0.21484375 2.0928981
0.2109375 2.0683687
0.1640625 2.149999
0.18359375 2.0922103
0.16015625 2.115458
0.23828125 2.035966
0.2421875 1.9773909
0.171875 2.072
0.1796875 2.1039028
0.19921875 1.9802308
0.2578125 1.9380071
0.22265625 1.969821
0.28125 1.9249822
0.30859375 1.7918229
0.21484375 2.035732
0.3203125 1.7779632
0.32421875 1.7657166
0.2734375 1.8579972
0.24609375 1.8723396
0.2578125 1.8113753
0.26953125 1.8209453
0.26171875 1.8470316
0.3046875 1.7371769
0.34375 1.6672416
0.28125 1.7010942
0.2734375 1.7049342
0.265625 1.763405
0.27734375 1.7538573
0.30078125 1.6975669
0.29296875 1.6986784
0.2734375 1.7062249
0.33203125 1.5768914
0.296875 1.585874
0.25 1.7378685
0.28125 1.6182504
0.29296875 1.6198821
0.26171875 1.6596038
0.26953125 1.6194502
0.2421875 1.7591765
0.30859375 1.5706359
0.26953125 1.525419
0.265625 1.5626236
0.26171875 1.5354452
0.26171875 1.5909369
0.2734375 1.519075
0.28125 1.5274901
0.265625 1.5035368
0.2890625 1.4574431
0.2734375 1.5878019
0.33203125 1.4297167
0.29296875 1.4425975
0.26953125 1.5612975
0.32421875 1.439199
0.25 1.5806391
0.25390625 1.630767
0.27734375 1.5509152
0.28125 1.5406685
0.3046875 1.4606273
0.2578125 1.4650855
0.32421875 1.3787557
0.29296875 1.4412649
0.30078125 1.4006351
0.2421875 1.544497
0.359375 1.4436635
0.36328125 1.4179345
0.31640625 1.4915255
0.359375 1.344229
0.390625 1.3140264
0.40234375 1.2953063
0.359375 1.3037726
0.38671875 1.2525322
0.359375 1.2984769
0.375 1.285665
0.39453125 1.252727
0.359375 1.3696902
0.3359375 1.276223
0.38671875 1.2585299
0.43359375 1.193794
0.46875 1.0938703
0.3984375 1.1658504
0.39453125 1.304977
0.38671875 1.3339027
0.3515625 1.2913218
0.37109375 1.2535183
0.375 1.3397682
0.34765625 1.3243603
0.390625 1.1577979
0.3515625 1.1599593
0.390625 1.21424
0.39453125 1.2121574
0.5 1.1111346
0.5 1.0343717
0.40625 1.1310052
0.5 1.0082896
0.43359375 1.0513942
0.453125 1.0430498
0.515625 1.0238308
0.51171875 0.97638625
0.5625 0.958342
0.57421875 0.9848406
0.5 1.9381555
0.58203125 1.105398
0.56640625 1.1104226
0.5703125 1.1903663
0.4765625 1.2121141
0.54296875 1.0922792
0.5703125 1.066294
0.56640625 1.0073324
0.5390625 1.0157039
0.5859375 0.9885911
0.640625 0.9011039
0.55078125 1.2400291
0.62109375 1.1364741
0.61328125 1.0764534
0.61328125 1.0661432
0.625 1.0484478
0.640625 1.039457
0.6171875 1.1529127
0.6171875 1.2053597
0.6484375 0.94823873
0.6015625 1.0136735
0.6484375 1.03715
0.640625 1.0639755
0.65234375 0.9675294
0.66015625 0.8759508
0.67578125 0.8277415
0.61328125 0.89989406
0.65625 0.79450786
0.69140625 0.7247621
0.6484375 1.0115248
0.6171875 0.975425
0.6875 0.82987744
0.61328125 1.071611
0.62109375 0.9106821
0.640625 0.90822
0.64453125 0.8717096
0.65234375 1.5079103
0.609375 1.1387268
0.5859375 1.14472
0.5625 1.0711218
0.54296875 1.0777072
0.609375 0.92424643
0.65234375 1.0737455
0.67578125 0.8818364
0.66015625 0.93537366
0.72265625 1.1740565
0.73828125 0.9703227
0.625 1.0576974
0.6640625 0.8875648
0.58203125 1.0674835
0.61328125 1.0305535
0.69140625 0.9121941
0.65625 0.92907697
0.68359375 0.8600735
0.66796875 0.9026589
0.6640625 0.80793244
0.703125 1.572082
0.66015625 0.80707395
0.58984375 1.0313863
0.58984375 0.97204566
0.57421875 1.1391507
0.65625 0.89451003
0.61328125 0.96586776
0.66796875 0.81991374
0.71875 0.7867912
0.66015625 0.9431013
0.6796875 0.9013973
0.6796875 0.84816843
0.62890625 0.9464982
0.62109375 0.8713931
0.69140625 0.731973
0.60546875 0.8460731
0.6640625 0.7517868
0.69921875 0.7359649
0.6875 0.78457373
0.640625 0.86891365
0.61328125 0.8683329
0.62890625 0.8284851
0.62890625 0.8126444
0.66796875 0.72787255
0.66796875 0.6876758
0.63671875 0.7863191
0.671875 0.9403708
0.7109375 0.6529003
0.65625 0.7713709
0.6796875 1.1563207
0.64453125 0.66829026
0.703125 0.65656996
0.6484375 0.8580594
0.6328125 0.769948
0.67578125 0.7369729
0.68359375 0.7224897
0.71484375 0.6438373
0.6796875 0.7142486
0.68359375 0.6704508
0.70703125 0.5571796
0.71875 0.6721999
0.71484375 0.5703378
0.66796875 0.7983076
0.6875 0.65896654
0.67578125 1.0486751
0.72265625 0.63336
0.69921875 0.6903209
0.7265625 0.7076213
0.69921875 0.75948465
0.75390625 0.6433108
0.74609375 0.6047649
0.73828125 0.641186
0.6953125 0.7373171
0.74609375 0.5656975
0.65234375 0.79634744
0.71484375 0.7966868
0.66015625 0.70751697
0.74609375 0.5972858
0.75 0.61169
0.796875 0.5974779
0.765625 0.6170427
0.79296875 0.55379206
0.765625 1.1160219
0.75 0.6656317
0.75390625 0.6538342
0.75 0.64000237
0.78125 0.637045
0.72265625 0.6532318
0.77734375 0.54650867
0.73828125 0.79578006
0.75 0.72582084
0.74609375 0.5517474
0.765625 0.60423213
0.7421875 0.6893959
0.76953125 1.227346
0.78515625 0.54084665
0.75 0.7158725
0.734375 0.6762242
0.7734375 0.6181016
0.82421875 0.5371751
0.75390625 0.6252979
0.79296875 0.57965666
0.76953125 0.49319482
0.80859375 0.48311263
0.796875 0.40679157
0.828125 0.5214895
0.84375 0.48757148
0.87109375 0.435889
0.8359375 0.4852098
0.88671875 0.32198521
0.8515625 0.6609326
0.88671875 0.32144624
0.87109375 0.5074787
0.83203125 0.5226264
0.86328125 0.46705958
0.87890625 0.42809865
0.87109375 0.37836358
0.85546875 0.4749052
0.8828125 0.3603826
0.8671875 0.43287718
0.89453125 0.35501093
0.82421875 0.78767043
0.84375 0.52839327
0.8359375 0.49526143
0.8125 0.5905715
0.796875 0.5710812
0.84375 0.5736728
0.87890625 0.45358866
0.875 0.41932684
0.8671875 0.45747602
0.859375 0.5106354
0.84375 0.48557615
0.875 0.45764583
0.89453125 0.33868113
0.8671875 0.3522562
0.85546875 0.61833066
0.84375 0.41136813
0.81640625 0.53980523
0.828125 0.54763806
0.8203125 0.5044057
0.875 0.5264471
0.859375 0.42879012
0.8203125 0.5065843
0.84375 1.2586423
0.80078125 0.5482581
0.859375 0.5521151
0.77734375 0.6309088
0.80859375 0.5949137
0.87890625 0.46239555
0.84765625 0.56068385
0.84765625 0.5300875
0.8671875 0.56869197
0.859375 0.61936295
0.90234375 0.3684831
0.85546875 0.44464576
0.84375 0.49177426
0.83984375 0.6446014
0.875 0.34392247
0.87109375 0.5756145
0.82421875 0.5103216
0.8515625 0.40943652
0.84375 0.41738528
0.859375 0.4268621
0.8125 0.5407389
0.8515625 0.36511785
0.8671875 0.34781495
0.84375 0.4940732
0.82421875 0.41669405
0.86328125 0.37438118
0.87109375 0.518611
0.90625 0.20974675
0.8671875 0.402342
0.84765625 0.36049584
0.83203125 0.4928763
0.828125 0.51951367
0.8828125 0.29097116
0.890625 0.32034466
0.8671875 0.5037456
0.87890625 0.42305908
0.8828125 0.35416535
0.83984375 0.49017352
0.84375 0.4198733
0.8515625 0.48716238
0.8203125 0.4793831
0.79296875 0.54539675
0.8359375 0.46483707
0.86328125 0.3651533
0.828125 0.42159188
0.87109375 0.49089986
0.84765625 0.38022244
0.84375 0.4012247
0.875 0.46078047
0.85546875 0.37651172
0.89453125 0.34130853
0.85546875 0.34062096
0.84375 0.6315268
0.83984375 0.38833982
0.89453125 0.32205862
0.84765625 0.44953695
0.83984375 0.4235955
0.88671875 0.29172468
0.87109375 0.44961363
0.87890625 0.4413017
0.8515625 0.7871006
0.8984375 0.6333908
0.87890625 0.33593613
0.86328125 0.37891123
0.83203125 0.4708522
0.8515625 0.4574539
0.859375 0.3793444
0.83203125 0.48840904
0.8984375 0.32964373
0.84765625 0.48117363
0.8828125 0.34509453
0.8828125 1.0010295
0.8984375 0.33743837
0.84765625 0.49660847
0.87109375 0.42252383
0.87109375 0.3243859
0.859375 0.573237
0.86328125 0.4194833
0.8359375 0.4417756
0.890625 0.3657324
0.83203125 0.48719326
0.875 0.36150816
0.8359375 0.434264
0.8984375 0.33604634
0.87890625 0.3578059
0.890625 0.37631586
0.84765625 0.35506105
0.87109375 0.34332928
0.890625 0.3662915
0.8671875 0.47641492
0.8515625 0.324432
0.86328125 0.2801687
0.84375 0.51502
0.8203125 0.6083778
0.87109375 0.3096796
0.84375 0.34440225
0.890625 0.40768605
0.8515625 0.5823381
0.84765625 0.4199593
0.875 0.43295687
0.8515625 0.36326715
0.87109375 0.33422628
0.86328125 0.45893267
0.86328125 0.7417959
0.86328125 0.39845273
0.85546875 0.35518095
0.8828125 0.30743366
0.859375 0.8616272
0.83203125 0.41246557
0.8828125 0.2726855
0.90625 0.2543103
0.859375 0.35888022
0.859375 0.30197152
0.890625 0.24236785
0.87890625 0.22920752
0.8671875 0.3044631
0.86328125 0.23875065
0.86328125 0.23745853
0.890625 0.20183688
0.88671875 0.3074113
0.9765625 0.25131488
0.984375 0.13555817
0.96875 0.1953577
0.9609375 0.37273425
0.98046875 0.15078278
0.96484375 0.14362589
0.953125 0.3521428
0.97265625 0.13520226
0.97265625 0.15810548
0.96484375 0.21128774
0.96484375 0.20298791
0.93359375 0.2721961
0.97265625 0.23349407
0.95703125 0.20602758
0.96484375 0.19632445
0.98046875 0.11252379
0.953125 0.28707886
0.9609375 0.16019553
0.97265625 0.14329575
0.984375 0.100392856
0.96875 0.19075784
0.9453125 0.44309092
0.9609375 0.15797779
0.9609375 0.13849868
0.97265625 0.13336131
0.97265625 0.20689628
0.98046875 0.0820019
0.98828125 0.12189938
0.9765625 0.45037046
0.9765625 0.102062576
0.98046875 0.1081291
0.96875 0.1308173
0.97265625 0.11471185
0.95703125 0.2542631
0.9609375 0.16810599
0.9453125 0.32236004
0.97265625 0.19695204
0.9609375 0.1383152
0.95703125 0.17596078
0.9609375 0.35531738
0.97265625 0.1417267
0.97265625 0.13790828
0.97265625 0.12053759
0.96484375 0.14759757
0.95703125 0.1722815
0.96875 0.29431045
0.984375 0.10270333
0.96484375 0.13632202
0.9609375 0.28106928
0.953125 0.3926244
0.953125 0.23272675
0.97265625 0.08627372
0.97265625 0.12891653
0.97265625 0.2764126
0.94140625 0.27025712
0.9609375 0.15057361
0.953125 0.14994037
0.9609375 0.18714793
0.95703125 0.31538033
0.93359375 0.23619026
0.97265625 0.2244598
0.97265625 0.23283255
0.95703125 0.2044613
0.9765625 0.13531011
0.98046875 0.16839433
0.97265625 0.24432504
0.9609375 0.17844301
0.97265625 0.118416354
0.96484375 0.23465863
0.96875 0.14319932
0.96875 0.08707166
0.953125 0.19149083
0.96875 0.27080745
0.97265625 0.16608343
0.95703125 0.21155654
0.9765625 0.09390512
0.9609375 0.30629593
0.95703125 0.15716177
0.953125 0.20105834
0.96875 0.13123009
0.96484375 0.20510869
0.98046875 0.10447845
0.96875 0.5670991
0.96875 0.16357914
0.96484375 0.19087636
0.98828125 0.10882366
0.97265625 0.22945568
0.96875 0.15038809
0.94921875 0.39139572
0.94921875 0.18536758
0.94140625 0.45300588
0.9296875 0.38222823
0.91015625 0.3044113
0.9453125 0.22409399
0.953125 0.19669187
0.94140625 0.2862191
0.9609375 0.18265115
0.953125 0.25415784
0.96875 0.16282511
0.9765625 0.11870377
0.97265625 0.15695328
0.98046875 0.06383148
0.9765625 0.10720372
0.97265625 0.09288867
0.9609375 0.2265953
0.953125 0.19260903
0.94140625 0.65261096
0.96875 0.16030195
0.98828125 0.06716605
0.94921875 0.44707882
0.94140625 0.476673
0.94921875 0.23529987
0.9609375 0.1571071
0.97265625 0.1643866
0.9609375 0.18235831
0.96484375 0.15243384
0.9609375 0.19706252
0.953125 0.18876463
0.95703125 0.28899667
0.96484375 0.19535589
0.98046875 0.09639728
0.96875 0.16691537
0.98046875 0.10556964
0.9765625 0.14011437
0.98046875 0.14330482
0.9765625 0.23075624
0.9453125 0.20158796
0.9765625 0.1414072
0.9609375 0.12508313
0.94921875 0.25198695
0.97265625 0.13433492
0.98828125 0.27009645
0.96875 0.15684894
0.9765625 0.10317041
0.953125 0.286799
0.984375 0.120449916
0.97265625 0.11963121
0.953125 0.13725683
0.98828125 0.061239492
0.96875 0.24166149
0.984375 0.12047303
0.97265625 0.120705396
0.984375 0.11332808
0.9765625 0.120854646
0.953125 0.30629063
0.97265625 0.118256256
0.9921875 0.049230047
0.97265625 0.101422206
0.9609375 0.2705012
0.9609375 0.24182266
0.97265625 0.11913034
0.984375 0.074349724
0.98046875 0.113791555
0.97265625 0.18036547
0.9765625 0.06710508
0.95703125 0.63485754
0.98828125 0.06962922
0.9765625 0.09635869
0.98046875 0.23215204
0.96875 0.10843724
0.9609375 0.23054124
0.9765625 0.15942934
0.98046875 0.11776383
0.97265625 0.09609655
0.984375 0.08287667
0.97265625 0.15414757
0.97265625 0.41855532
0.98046875 0.23737828
0.9921875 0.09425294
0.984375 0.09086223
0.98828125 0.07012174
0.984375 0.07155482
0.984375 0.08099167
0.94140625 0.30547056
0.9609375 0.14768851
0.96875 0.1864207
0.984375 0.0887773
0.9453125 0.1920544
0.96484375 0.15016064
0.953125 0.16662619
0.9765625 0.16238573
0.95703125 0.27415496
0.94921875 0.1922136
0.9921875 0.07419453
0.98828125 0.099750474
0.984375 0.12356072
0.96484375 0.12460343
0.96875 0.11481498
0.97265625 0.19222492
0.94140625 0.24778974
0.9609375 0.12618935
0.9765625 0.1275645
0.97265625 0.22693771
0.96875 0.11130749
0.98046875 0.08523711
0.98046875 0.12084805
0.984375 0.12630786
0.984375 0.06735126
0.9765625 0.27653378
0.953125 0.42562348
0.9765625 0.07588181
0.96875 0.15429266
0.9921875 0.056354318
0.98046875 0.116070375
0.98828125 0.13495319
0.953125 0.15413605
0.9609375 0.13545549
0.97265625 0.14703493
0.984375 0.07910672
0.97265625 0.09008029
0.98828125 0.057279564
0.98046875 0.075591564
0.97265625 0.15669614
0.97265625 0.20831347
0.9765625 0.0881429
0.98046875 0.06339197
0.9765625 0.12167849
0.9765625 0.077816844
0.98828125 0.19750573
0.98046875 0.2583377
0.97265625 0.1103032
0.9921875 0.044259824
0.9453125 0.30692142
0.97265625 0.087367475
0.9609375 0.21444297
0.98046875 0.13067208
0.94140625 0.19999908
0.94921875 0.20345423
0.9765625 0.11070406
0.96875 0.15847135
0.9765625 0.06799416
0.9609375 0.18910074
0.96484375 0.11690074
0.97265625 0.10266824
0.96875 0.11942354
0.95703125 0.14515734
0.953125 0.15010986
0.94921875 0.22367482
0.96484375 0.14639539
0.96484375 0.15577756
0.9609375 0.11852431
0.953125 0.13710561
0.96875 0.12172862
0.984375 0.081427425
0.9921875 0.06449158
0.96484375 0.17481744
0.984375 0.055275805
0.98046875 0.12335343
0.9765625 0.2030036
0.98046875 0.12144403
0.9765625 0.1843669
0.96484375 0.087495774
0.9609375 0.15787633
0.96875 0.18750921
0.98046875 0.08606077
0.98046875 0.119243875
0.96484375 0.1353636
0.96875 0.11469694
0.96484375 0.14274864
0.96484375 0.1697144
0.97265625 0.11908455
0.98046875 0.092172444
0.96875 0.14359349
0.984375 0.07457334
0.95703125 0.28069985
0.97265625 0.1507737
0.953125 0.20332743
0.96484375 0.14270109
0.94921875 0.19332565
0.97265625 0.09420681
0.9765625 0.1030172
0.96875 0.10767797
0.96484375 0.13246192
0.94921875 0.18640208
0.95703125 0.12693737
0.96875 0.21883278
0.9921875 0.09121864
0.96875 0.11986799
0.98046875 0.12010775
0.97265625 0.12371515
0.984375 0.09665247
0.96875 0.08826468
0.97265625 0.13005486
0.9765625 0.13104889
0.98828125 0.058981657
0.984375 0.07323025
0.9609375 0.31206563
0.94921875 0.14688513
0.98046875 0.09076988
0.9765625 0.20841193
0.9765625 0.11441045
0.97265625 0.10816278
0.9921875 0.091410466
0.96875 0.603281
0.953125 0.23895384
0.97265625 0.10698418
0.9765625 0.12007254
0.9765625 0.14134237
0.98046875 0.14927866
0.94921875 0.25593412
0.953125 0.19352242
0.97265625 0.16538706
0.95703125 0.1962748
0.96875 0.19799902
0.96484375 0.16389336
0.96875 0.26123083
0.984375 0.096967764
0.9609375 0.144213
0.9609375 0.27994502
0.9609375 0.21009365
0.9609375 0.1944183
0.97265625 0.22650546
0.96875 0.15801135
0.98828125 0.07225103
0.9765625 0.11083879
0.96875 0.14286563
0.96484375 0.16001381
0.98046875 0.08602881
0.9609375 0.18533717
0.953125 0.13582446
0.96875 0.08150938
0.9921875 0.045539547
0.98046875 0.08873237
0.99609375 0.04353738
0.96484375 0.086797364
0.98046875 0.40284368
0.9765625 0.19937308
0.95703125 0.3184911
0.9765625 0.11441045
0.95703125 0.21264946
0.97265625 0.085891664
0.96875 0.16671005
0.97265625 0.15276924
0.95703125 0.21257965
0.97265625 0.14409631
0.96484375 0.13458572
0.98046875 0.10103056
0.96484375 0.11151088
0.98828125 0.10845135
0.96484375 0.14147982
0.96875 0.13181588
0.984375 0.071534656
0.99609375 0.091933355
0.98828125 0.08351442
0.9921875 0.044706818
0.97265625 0.1772038
0.984375 0.066939585
0.9609375 0.14973918
0.96875 0.15176407
0.98046875 0.11260815
0.98828125 0.05492675
0.98046875 0.12346587
0.98046875 0.08551776
0.98828125 0.04211311
0.9921875 0.029213266
0.9765625 0.122615404
0.984375 0.1991158
0.9765625 0.30441707
0.9765625 0.2065392
0.98046875 0.13399456
0.96484375 0.13083892
0.9609375 0.10947216
0.9765625 0.09100534
0.9921875 0.045771442
0.9609375 0.23619336
0.99609375 0.061028548
0.96875 0.15834948
0.98046875 0.0887355
0.98046875 0.20714179
0.96484375 0.108150445
0.98046875 0.08412443
0.9609375 0.23252487
0.98828125 0.04299604
0.98828125 0.06847661
0.98046875 0.09366755
0.98046875 0.09507698
0.96484375 0.09836033
0.96875 0.121007465
0.98046875 0.069652595
0.9921875 0.041897148
0.984375 0.12949944
0.984375 0.069974944
0.98046875 0.07414483
0.98828125 0.0741176
0.96875 0.22441347
0.97265625 0.19017312
0.96875 0.11603152
0.984375 0.11275847
0.97265625 0.098576635
0.9765625 0.08521302
0.984375 0.09372139
0.97265625 0.12593426
0.98046875 0.07725803
0.96484375 0.1300865
0.9609375 0.16931477
0.984375 0.064665176
0.98046875 0.06636501
0.96875 0.08865633
0.98046875 0.11066242
0.98046875 0.07161885
0.98828125 0.039930567
0.9921875 0.037283987
0.9921875 0.062294424
0.97265625 0.2520046
0.9921875 0.1006183
0.984375 0.050417382
0.98046875 0.09933907
0.9921875 0.050322518
0.98046875 0.11276776
0.9765625 0.13812415
0.9765625 0.0675121
0.98046875 0.34545848
0.9921875 0.05250465
0.9765625 0.05825471
0.97265625 0.08802287
0.9765625 0.06812375
0.96875 0.107213125
0.9765625 0.07655461
0.97265625 0.10769976
0.984375 0.057231646
0.97265625 0.1260042
0.984375 0.047796004
0.9765625 0.11212219
0.98828125 0.04307078
0.96875 0.18242723
0.9765625 0.12583433
0.98046875 0.10988448
0.9765625 0.20096171
0.98828125 0.1374006
0.9921875 0.11969929
0.98046875 0.20998311
0.97265625 0.11491539
0.984375 0.0813965
0.953125 0.16112442
0.97265625 0.13730904
0.97265625 0.11959337
0.984375 0.22332661
0.9609375 0.13993613
0.96875 0.09330456
0.9765625 0.10776544
0.9765625 0.08823755
0.9609375 0.11603524
0.984375 0.09677695
0.99609375 0.032239538
0.9765625 0.071032576
0.98828125 0.06312586
0.96875 0.08215759
0.99609375 0.030643288
0.98828125 0.05593861
0.98046875 0.064321436
0.9609375 0.16581811
0.98046875 0.05091571
0.9765625 0.10461208
0.98046875 0.04390031
0.96875 0.18092726
0.9921875 0.16415873
0.98046875 0.10118732
0.9765625 0.05899878
0.98046875 0.10406327
0.98828125 0.0703115
0.984375 0.063514866
0.984375 0.06559247
0.98046875 0.15931487
0.9765625 0.062354233
0.984375 0.05062429
0.98046875 0.14064932
0.98828125 0.08334417
0.9765625 0.13757432
0.984375 0.07270393
0.984375 0.060526364
0.9921875 0.03586329
0.96484375 0.1087687
0.99609375 0.02505499
0.98828125 0.06865516
0.97265625 0.1514064
0.98046875 0.16969013
0.984375 0.07366663
0.96875 0.1475811
0.98828125 0.03695768
0.97265625 0.07713988
0.9765625 0.21856396
0.98046875 0.08117066
0.98828125 0.09788406
0.9921875 0.04101802
0.984375 0.07505628
0.9921875 0.058066927
0.97265625 0.091864
0.9921875 0.04975724
0.984375 0.06510507
0.9921875 0.026466653
0.984375 0.1804841
0.98828125 0.11262753
0.98828125 0.04977065
0.9921875 0.03584203
0.984375 0.14201735
0.9765625 0.0884323
0.984375 0.052268244
0.96875 0.28711525
0.96875 0.102881685
0.95703125 0.16987985
0.953125 0.29575893
0.97265625 0.10599211
0.953125 0.13305257
0.953125 0.19361736
0.96484375 0.2645575
0.96875 0.17246728
0.97265625 0.10473248
0.9765625 0.13786839
0.96875 0.117920525
0.984375 0.0702094
0.984375 0.075934805
0.96875 0.2613275
0.97265625 0.22209293
0.98046875 0.14716303
0.9765625 0.091320045
0.98828125 0.08143112
0.9765625 0.1254717
0.96484375 0.1798456
0.96875 0.2272151
0.9921875 0.07236073
0.984375 0.07030683
0.98046875 0.15052387
0.98828125 0.05805566
0.9765625 0.10696693
0.9765625 0.13038822
0.984375 0.057598986
0.9921875 0.03654349
0.98046875 0.07066043
0.98046875 0.072969325
0.98828125 0.064330176
0.9765625 0.13219668
0.98828125 0.048010718
0.99609375 0.058058366
0.984375 0.06499482
0.9921875 0.036085125
0.98046875 0.11695243
0.984375 0.11925047
0.9921875 0.033904828
0.96875 0.092117265
0.98828125 0.07353936
0.98046875 0.06059424
0.97265625 0.073908314
0.984375 0.045044027
0.98046875 0.06266712
0.984375 0.060347453
0.98828125 0.027231364
0.984375 0.04232045
0.99609375 0.03625741
0.984375 0.054119267
0.984375 0.041114718
0.99609375 0.027425636
0.984375 0.071345285
0.97265625 0.1398612
0.984375 0.036978308
0.984375 0.10985023
0.98046875 0.07879459
0.99609375 0.018663365
0.984375 0.17397732
0.9765625 0.07059312
0.98046875 0.06735519
0.9609375 0.1855302
0.9765625 0.1422417
0.99609375 0.06961182
0.9765625 0.100981414
0.97265625 0.28765982
0.984375 0.09851035
1.0 0.02987546
0.98828125 0.15138768
0.96875 0.16639765
0.96484375 0.18625337
0.97265625 0.3427181
0.984375 0.06744916
0.96875 0.11072336
0.97265625 0.09479268
0.9765625 0.095805466
0.95703125 0.14678645
0.94921875 0.15676667
0.95703125 0.1455149
0.97265625 0.097354926
0.95703125 0.24200998
0.95703125 0.23582125
0.984375 0.06660718
0.98828125 0.11310641
0.98046875 0.058419697
0.984375 0.06324785
0.9609375 0.14202234
0.96875 0.102099545
0.9921875 0.03640017
0.97265625 0.09590729
0.9765625 0.09655356
0.984375 0.08305506
0.984375 0.05685056
0.98046875 0.114376746
0.984375 0.069800496
0.9765625 0.098108254
0.96875 0.09446565
0.98828125 0.055023223
0.9921875 0.05844389
0.9921875 0.055305302
0.96484375 0.31355935
0.99609375 0.023294155
0.9921875 0.027305922
0.98828125 0.023740465
0.9921875 0.14795022
0.98828125 0.0631784
0.984375 0.061798964
0.97265625 0.06168091
0.98046875 0.07506948
0.96875 0.1455965
0.98046875 0.098463744
0.98046875 0.07877589
0.98046875 0.06773464
0.984375 0.16636714
0.98828125 0.061512552
0.9921875 0.051774524
0.9921875 0.05554954
0.98828125 0.029972112
0.98046875 0.08817441
0.9765625 0.26541528
0.97265625 0.15407142
0.9921875 0.06025452
0.98046875 0.07298629
0.9765625 0.12453753
0.98046875 0.060271587
0.98046875 0.08506817
0.98046875 0.0610519
0.97265625 0.1310917
0.9765625 0.197344
0.96484375 0.23557673
0.98046875 0.0774369
0.97265625 0.09621334
0.98046875 0.08022318
0.98828125 0.057288732
0.9921875 0.0702904
0.98828125 0.19573112
0.95703125 0.15155406
0.98046875 0.094890945
0.96875 0.1156525
0.9765625 0.060380176
0.98828125 0.06083679
0.97265625 0.088869914
0.984375 0.107876465
0.98828125 0.03830503
0.99609375 0.031625476
0.9921875 0.045013335
0.98828125 0.3000485
0.97265625 0.12412723
0.98046875 0.10748615
0.98828125 0.049160354
0.97265625 0.37880763
0.9765625 0.11892768
0.9765625 0.07276995
0.98046875 0.08399469
0.953125 0.1438613
0.984375 0.09467231
0.9765625 0.10144822
0.97265625 0.13234566
0.9765625 0.20613717
0.98046875 0.114460215
0.96875 0.14218362
0.98828125 0.0737178
0.9765625 0.10633209
0.99609375 0.049856264
0.98046875 0.13133475
0.96875 0.12630296
0.95703125 0.12114161
0.98046875 0.07778058
0.9765625 0.093728706
0.984375 0.091164395
0.9921875 0.043411225
0.98046875 0.09170614
0.99609375 0.026221335
0.98046875 0.06429783
0.984375 0.044005822
0.96875 0.09053066
0.9921875 0.035000585
0.98828125 0.045803744
0.98828125 0.17826082
0.984375 0.070064604
0.99609375 0.034887053
0.9921875 0.034944538
0.99609375 0.022627134
0.97265625 0.15219665
0.9921875 0.042489994
0.96875 0.10899045
0.9609375 0.12141145
0.98828125 0.060070388
0.97265625 0.10552429
0.984375 0.09051895
0.98828125 0.054433905
0.984375 0.06765919
0.984375 0.13016522
0.984375 0.08282639
0.98828125 0.06375093
0.9765625 0.24028486
0.984375 0.040759806
0.98828125 0.11739707
0.98046875 0.04433869
0.984375 0.047724005
0.98046875 0.091767505
0.984375 0.065552816
0.98046875 0.07426049
0.9921875 0.04507143
0.98828125 0.05472901
0.9921875 0.045683157
0.9921875 0.035795476
0.984375 0.15739597
0.98046875 0.08281559
0.9921875 0.04428964
0.984375 0.1833709
0.9921875 0.04945763
0.96875 0.21136126
0.984375 0.045980994
0.96484375 0.18044284
0.984375 0.09752987
0.984375 0.16798869
0.98828125 0.09006606
0.97265625 0.10368221
0.98046875 0.056005582
0.97265625 0.09633659
0.984375 0.06155915
0.97265625 0.14753571
0.984375 0.052239012
0.9921875 0.042024404
0.984375 0.11371269
0.9921875 0.058047906
0.98828125 0.038593672
0.98828125 0.05136071
0.98828125 0.03296014
0.984375 0.09252638
0.984375 0.062034905
0.9921875 0.042670112
0.984375 0.108658455
0.9921875 0.02460261
0.9921875 0.025113296
0.99609375 0.047268927
0.98828125 0.036530845
0.9921875 0.06131698
0.9921875 0.032432053
0.99609375 0.025005322
0.9921875 0.040578075
0.98828125 0.07466595
0.984375 0.10280043
0.98828125 0.079221345
0.98828125 0.04019974
0.98828125 0.090913534
0.984375 0.057668343
0.9921875 0.05106835
0.96875 0.05821843
0.9921875 0.035507042
0.98828125 0.06943075
0.98828125 0.04822176
0.97265625 0.07885107
0.98828125 0.039504923
0.98828125 0.07412339
0.9921875 0.029443108
0.99609375 0.01918163
0.97265625 0.102972575
0.99609375 0.03619559
0.984375 0.043890666
1.0 0.024283709
0.9765625 0.09306488
0.9921875 0.053939383
0.98828125 0.057768222
0.984375 0.12178458
0.98046875 0.14764282
0.984375 0.08065749
0.9921875 0.039431427
0.9921875 0.047687188
0.984375 0.084781915
0.9921875 0.028401459
0.96875 0.22225314
0.9921875 0.040777657
0.98828125 0.053019695
0.9921875 0.05434651
0.984375 0.08746541
0.9609375 0.10419517
0.98828125 0.06827351
0.984375 0.05460169
0.98046875 0.06927199
0.9921875 0.06807601
0.9921875 0.020165397
0.98828125 0.1929047
0.9921875 0.03023309
0.984375 0.041091375
0.98046875 0.0651028
0.98828125 0.036631897
0.98828125 0.038487274
0.984375 0.06277097
0.97265625 0.06269696
0.9921875 0.029160783
0.98828125 0.105262265
0.98828125 0.069516264
0.98828125 0.028961977
0.9765625 0.095376596
0.98828125 0.103742965
0.984375 0.05961483
0.98046875 0.17577483
0.9765625 0.05303692
0.98828125 0.042638537
0.984375 0.069586046
0.98828125 0.18246081
0.984375 0.20347223
0.99609375 0.042455547
0.984375 0.1207574
0.99609375 0.03510526
0.97265625 0.33202222
0.96875 0.09253485
0.99609375 0.054299023
0.98046875 0.061556116
0.98046875 0.09056546
0.9765625 0.08880116
0.98828125 0.073247984
0.99609375 0.05471185
0.984375 0.076882705
0.9921875 0.08542663
0.98828125 0.0552661
0.9921875 0.042317983
0.9765625 0.34031665
0.98828125 0.07014854
0.98828125 0.056059234
0.9765625 0.057042047
0.984375 0.052675497
0.97265625 0.16058466
0.984375 0.17741637
0.98046875 0.089652814
0.984375 0.048310384
0.9765625 0.075777374
0.9765625 0.093050584
0.9921875 0.03631153
0.9921875 0.031086517
0.97265625 0.15923046
0.97265625 0.07250269
0.9921875 0.025654718
0.98828125 0.066551715
0.98828125 0.06284997
0.98828125 0.036962572
0.96875 0.15757515
0.98828125 0.03435014
0.96484375 0.08199687
0.984375 0.043363776
0.99609375 0.069453076
0.99609375 0.025725642
0.98828125 0.09459661
0.98828125 0.03981392
0.9921875 0.0426054
0.99609375 0.040414393
0.984375 0.06602743
1.0 0.017803056
0.984375 0.061077964
0.99609375 0.031639397
0.9765625 0.12413553
0.99609375 0.020229932
0.98046875 0.056510553
0.98828125 0.03887207
0.97265625 0.15345511
0.984375 0.05912669
0.9765625 0.11598715
0.98046875 0.102853015
0.98828125 0.028024124
0.97265625 0.10882282
0.984375 0.04789325
0.984375 0.046459876
0.984375 0.08957076
0.98046875 0.13983174
0.9921875 0.043352515
0.96875 0.09735569
0.9921875 0.09043895
0.98828125 0.028189551
0.98828125 0.048350576
0.984375 0.04586428
0.99609375 0.030405466
0.97265625 0.1202288
0.9921875 0.04222604
1.0 0.017636377
0.9921875 0.031679563
0.98828125 0.088697955
0.98828125 0.04315666
0.984375 0.10347548
0.98828125 0.07156697
0.98828125 0.05689279
0.984375 0.055429336
0.98046875 0.07400772
0.99609375 0.029729648
0.9921875 0.04560076
0.98828125 0.04442716
0.98828125 0.03188771
0.99609375 0.08632712
0.98046875 0.0743734
0.98046875 0.046855222
0.98828125 0.04759442
0.9765625 0.08317634
0.98046875 0.036303315
0.99609375 0.04097802
0.9921875 0.032720257
0.98828125 0.031211335
0.98828125 0.07427393
0.99609375 0.03624938
0.98828125 0.07312636
0.98828125 0.0276832
0.9921875 0.029770112
0.98828125 0.028735608
0.99609375 0.06718478
0.98828125 0.027330112
0.98828125 0.04588895
0.99609375 0.031929366
0.984375 0.036423985
0.98046875 0.042471465
1.0 0.0142198475
0.9921875 0.02205193
1.0 0.010233786
0.9921875 0.13319206
0.98828125 0.11607718
0.98046875 0.06710163
0.99609375 0.041514102
0.9765625 0.080009714
0.99609375 0.025320947
0.98046875 0.04483777
0.98046875 0.14082135
0.99609375 0.023260243
1.0 0.020177793
0.99609375 0.018105175
0.98046875 0.050189666
0.9921875 0.031018851
0.984375 0.09129922
0.99609375 0.035139803
0.98828125 0.03284126
0.9921875 0.02624341
0.984375 0.1499517
0.98828125 0.035860833
0.9921875 0.07884767
1.0 0.01727563
0.98828125 0.08637216
0.96484375 0.10694507
0.984375 0.07802937
0.98828125 0.044387303
0.9765625 0.054687053
0.984375 0.041975483
0.98828125 0.05036813
0.9921875 0.037677977
0.99609375 0.015285523
0.99609375 0.021144526
0.9921875 0.027932756
0.9921875 0.061340123
0.9921875 0.0386172
0.98828125 0.051585447
0.99609375 0.017385866
0.99609375 0.016447132
0.99609375 0.02758618
0.98828125 0.025467504
0.98046875 0.05119389
0.9921875 0.028846022
0.9765625 0.068820044
0.98828125 0.03384763
0.99609375 0.024160493
0.9921875 0.028472494
0.9921875 0.023530044
0.98046875 0.07077671
0.9921875 0.030134253
0.98828125 0.035529986
0.99609375 0.019975169
0.984375 0.05220017
0.98046875 0.08526832
0.984375 0.049548276
0.99609375 0.009648738
0.99609375 0.018317904
0.9921875 0.0254816
0.984375 0.045970917
0.99609375 0.15390524
0.98828125 0.03715375
0.9921875 0.031975765
0.9921875 0.033514977
0.99609375 0.018915292
0.9921875 0.05601769
0.98828125 0.02362675
0.99609375 0.0783972
0.99609375 0.037233647
0.984375 0.05969723
0.99609375 0.013172768
0.9921875 0.028434698
0.99609375 0.024480104
0.97265625 0.09398407
0.97265625 0.098467246
1.0 0.011086374
0.98828125 0.108231336
0.99609375 0.022725664
0.99609375 0.028295193
0.9921875 0.040988993
0.98828125 0.081682354
0.9921875 0.029529564
0.984375 0.10444981
0.984375 0.08506534
0.98046875 0.091267034
1.0 0.01279763
0.9921875 0.058275014
0.9921875 0.088135436
0.99609375 0.037688375
0.98828125 0.0639974
0.98828125 0.039971113
0.9921875 0.042752974
0.9921875 0.030930065
0.98828125 0.09314534
0.99609375 0.022816164
0.97265625 0.08667853
0.984375 0.06480963
0.984375 0.19024101
0.98828125 0.03288336
0.9921875 0.047213424
0.98828125 0.04423752
0.9921875 0.03989612
0.984375 0.05778913
0.984375 0.13483143
0.98828125 0.032527797
0.99609375 0.04710914
0.9921875 0.055176247
0.98046875 0.046481088
0.99609375 0.02165105
0.97265625 0.081904896
0.98828125 0.053337127
0.98828125 0.0540749
0.99609375 0.015936632
0.98046875 0.05449555
0.9765625 0.16284257
0.9921875 0.03460583
0.9921875 0.041297354
0.9921875 0.033571534
0.9921875 0.07920634
0.98828125 0.024825003
0.984375 0.0470286
0.98046875 0.124394976
0.9921875 0.040855527
0.98046875 0.064390674
0.9921875 0.05436056
0.98828125 0.041922286
0.98828125 0.053658947
0.9921875 0.048325
0.99609375 0.022058062
0.98828125 0.038413875
0.98046875 0.058382362
0.99609375 0.025009342
1.0 0.013310834
0.98828125 0.039282985
0.984375 0.1266503
0.9921875 0.04695184
0.98828125 0.023062749
0.98046875 0.11309322
0.984375 0.05175764
0.99609375 0.026461266
0.9921875 0.033037018
0.9921875 0.051687367
0.98828125 0.047830503
0.9921875 0.14324342
0.9921875 0.031800486
0.9921875 0.049027927
0.99609375 0.017176809
0.98828125 0.13136646
0.98046875 0.07205244
0.98046875 0.11869754
0.984375 0.03817868
1.0 0.011072383
1.0 0.009974013
0.9921875 0.047372926
0.98046875 0.061570957
0.99609375 0.027251264
0.984375 0.042383436
0.98046875 0.04671822
1.0 0.020283448
0.984375 0.11158142
1.0 0.0056494656
0.9921875 0.026689876
0.99609375 0.04765966
0.984375 0.057498448
0.97265625 0.0649408
0.98828125 0.050125875
0.9921875 0.032757163
0.984375 0.020080972
0.99609375 0.020785257
0.96875 0.0992003
1.0 0.025135685
0.98828125 0.023155844
0.98046875 0.18202913
0.984375 0.058732327
0.9921875 0.035940267
0.9921875 0.022729151
0.98046875 0.06980894
0.984375 0.036194604
0.98828125 0.034794495
1.0 0.011430571
0.99609375 0.03525249
0.98828125 0.040682793
0.98828125 0.028076688
0.99609375 0.016739048
1.0 0.012191496
0.99609375 0.025469853
0.984375 0.040267125
0.98828125 0.025497623
0.99609375 0.017250864
0.98828125 0.22958836
1.0 0.011288881
0.99609375 0.013722903
0.9921875 0.026233919
0.9921875 0.077541865
0.98828125 0.062620774
0.98046875 0.082616866
0.98046875 0.05745356
0.9921875 0.017406134
0.98046875 0.037321508
0.984375 0.04239627
0.99609375 0.017597865
0.98828125 0.12772754
0.99609375 0.032830063
0.98046875 0.05299905
0.984375 0.10006377
0.99609375 0.020682596
0.94921875 0.24853383
1.0 0.022715868
0.99609375 0.030378502
0.9921875 0.04427912
1.0 0.021607352
0.99609375 0.03232568
0.97265625 0.10817429
0.984375 0.060751535
0.9921875 0.042674482
0.984375 0.04090115
1.0 0.01614207
0.9921875 0.021213695
0.98828125 0.12792839
1.0 0.016537536
0.99609375 0.019065209
0.9921875 0.04413429
0.9921875 0.03494215
0.9921875 0.027315006
0.98828125 0.03163203
0.984375 0.09902491
0.9765625 0.061259717
0.9921875 0.034944654
0.9921875 0.045822643
0.98046875 0.039882764
0.98828125 0.05011499
1.0 0.008763969
0.9921875 0.038630627
0.9921875 0.03266
1.0 0.012718043
0.9921875 0.023116268
0.98828125 0.022549128
0.9921875 0.019445444
1.0 0.012226466
0.9921875 0.040770005
0.9921875 0.278755
0.984375 0.049174562
0.99609375 0.022577303
0.98046875 0.08582029
0.9921875 0.02247639
0.99609375 0.20232446
0.99609375 0.03269617
0.984375 0.055955697
0.98828125 0.06541921
0.9921875 0.074828275
0.98828125 0.10458538
0.99609375 0.028920054
0.984375 0.09610707
0.9765625 0.11010781
0.98828125 0.059065532
0.98046875 0.117062
0.9921875 0.05529879
0.9921875 0.03530809
0.98828125 0.06913605
0.9921875 0.0681396
0.98046875 0.07424186
0.9921875 0.027588423
